-1945752244
1462368365
993269547
-209850061
1069499221
1975173032
1262415655
-1255416908
660713231
-1373671171
435606483
-1864997609
-842403827
-699367731
-1613802985
-1727151793
720458743
-1010290170
-284077552
-795042219
849066654
1142496931
441011016
-2109008307
-921368751
-690430855
-1947727832
-958652441
-683420818
-25753553
73903274
1153900808
228341307
1888800909
187561042
958760872
-757680650
-1393454086
1954536286
2120649981
-1124288982
1078284863
-211146948
-103184679
983365443
-290851183
1959100987
-1354667184
68156260
734051789
531897989
-1482003811
-488807304
634469636
1801589837
-119225531
80781191
-2131506118
1353772868
194393212
-1436782262
-130983573
2081038160
-519720248
-1580058624
10414030
-1088733057
-1780792604
-739576190
1310408540
1190817337
-565698842
-1485996907
-1900441453
677385653
1219070371
1117667455
-1320415113
1015479214
-402983854
-1764049444
-1322397479
-1793431211
-1248699793
-1500811855
-845457189
-1213877111
-1142163487
-457921599
-1445084750
-2005428412
-1862746786
-920642273
2105826221
891226712
263530254
1906142212
-450551945
1590597468
-989570706
