-2131506118
-2109008307
-2005428412
-1947727832
-1945752244
-1900441453
-1864997609
-1862746786
-1793431211
-1780792604
-1764049444
-1727151793
-1613802985
-1580058624
-1500811855
-1485996907
-1482003811
-1445084750
-1436782262
-1393454086
-1373671171
-1354667184
-1322397479
-1320415113
-1255416908
-1248699793
-1213877111
-1142163487
-1124288982
-1088733057
-1010290170
-989570706
-958652441
-921368751
-920642273
-845457189
-842403827
-795042219
-757680650
-739576190
-699367731
-690430855
-683420818
-565698842
-519720248
-488807304
-457921599
-450551945
-402983854
-290851183
-284077552
-211146948
-209850061
-130983573
-119225531
-103184679
-25753553
10414030
68156260
73903274
80781191
187561042
194393212
228341307
263530254
435606483
441011016
531897989
634469636
660713231
677385653
720458743
734051789
849066654
891226712
958760872
983365443
993269547
1015479214
1069499221
1078284863
1117667455
1142496931
1153900808
1190817337
1219070371
1262415655
1310408540
1353772868
1462368365
1590597468
1801589837
1888800909
1906142212
1954536286
1959100987
1975173032
2081038160
2105826221
2120649981
